14
4
13
16
9
15
3
6
1
4
19
3
7
4
7
2
9
5
4
8
8
3
9
4
18
4
19
6
1
18
1
4
16
5
14
5
4
11
12
14
17
17
3
6
5
17
8
17
9
3
20
6
8
6
14
17
1
3
7
4
15
16
6
2
10
3
12
7
11
6
8
16
9
2
6
9
16
13
7
17
11
10
7
7
18
13
10
13
10
6
5
11
14
8
13
10
11
14
2
9
8
13
2
16
4
6
12
9
13
16
10
6
8
16
17
7
14
1
14
14
6
3
10
5
2
4
4
1
1
5
12
12
20
12
3
11
4
6
6
10
10
15
16
1
20
3
12
14
16
12
13
15
6
1
15
6
19
11
17
3
6
19
18
8
12
10
18
10
4
18
4
12
3
15
17
4
15
18
12
9
9
11
12
15
10
3
17
2
20
11
2
20
4
14
1
17
20
4
20
8
13
14
3
14
1
6
3
20
3
3
19
1
11
1
19
2
13
13
8
8
19
18
1
20
15
17
6
4
5
16
16
19
3
14
5
10
20
15
1
19
13
1
17
13
13
10
17
8
16
18
2
18
19
8
15
13
20
12
10
9
12
12
10
15
19
20
16
7
8
10
11
15
5
20
19
3
7
20
9
8
9
14
15
12
15
13
4
13
18
19
11
1
5
10
7
2
20
17
19
3
16
13
14
2
3
15
2
1
6
5
9
12
17
7
10
19
1
7
9
19
5
14
5
15
3
2
9
6
10
18
17
11
15
10
10
3
7
12
11
6
7
1
7
13
16
16
14
3
15
4
1
1
7
7
11
13
14
9
4
16
18
16
12
9
10
15
7
6
17
10
5
3
10
14
6
18
6
3
1
8
16
5
18
14
5
15
10
13
17
4
1
15
4
18
2
15
10
3
3
5
9
13
7
7
1
7
13
20
19
11
8
11
18
17
5
20
17
14
3
14
16
15
14
8
12
10
6
12
9
15
11
2
5
8
13
20
2
2
14
14
3
14
13
10
10
1
6
2
13
7
3
6
19
1
4
1
1
17
7
2
8
15
1
15
17
7
2
19
2
13
14
6
5
5
17
2
8
6
7
13
15
18
14
4
15
16
17
11
7
17
2
15
9
2
7
14
12
16
2
9
8
9
5
12
4
14
9
15
18
6
17
16
4
18
15
4
13
5
20
2
6
19
4
15
5
14
18
16
15
17
3
6
18
8
11
20
18
5
17
5
5
2
12
14
19
5
4
7
14
7
1
18
16
4
9
6
16
3
6
20
1
11
10
14
8
10
8
5
7
8
8
19
10
4
14
12
17
17
14
15
10
9
18
15
15
17
6
8
11
13
3
16
6
9
11
18
19
17
13
13
18
17
20
5
19
7
12
8
10
17
18
13
10
1
19
18
10
9
17
4
11
16
11
6
3
18
10
8
3
19
2
19
1
15
7
3
14
13
10
9
17
10
12
17
17
10
20
20
8
20
16
17
3
5
18
2
20
7
6
4
4
1
19
6
4
16
6
9
16
5
10
11
17
10
6
20
11
3
4
5
12
1
2
3
20
17
17
15
7
5
20
5
13
9
6
3
16
4
16
7
19
12
14
1
14
14
10
20
18
16
7
3
18
6
18
15
12
1
9
11
5
4
3
12
2
17
17
15
6
5
13
3
4
15
4
12
5
10
2
13
16
5
3
11
14
4
18
3
19
1
15
10
9
3
18
2
10
2
9
1
15
2
15
10
10
4
20
18
5
8
1
4
6
2
11
16
13
16
4
9
1
18
13
1
18
11
14
5
2
3
1
20
14
15
16
6
11
3
1
18
11
18
6
5
5
14
5
12
18
15
14
5
10
11
6
20
15
2
15
5
11
4
11
19
7
3
20
16
5
11
16
20
4
16
15
3
16
6
17
1
5
15
3
19
8
9
11
2
11
16
20
2
20
11
19
13
7
5
9
4
2
19
1
6
9
11
12
20
10
18
7
6
17
20
15
20
18
7
11
13
11
11
20
3
6
11
12
9
12
16
10
7
10
18
6
2
4
11
13
16
15
18
6
3
5
19
2
6
17
16
17
2
6
8
15
10
7
9
5
15
9
6
20
16
17
1
4
15
18
11
10
10
8
10
5
6
7
15
1
5
8
18
10
15
16
15
4
6
2
18
11
17
12
15
9
3
9
17
6
3
10
8
15
3
16
14
8
7
2
8
18
7
17
13
12
9
7
18
20
13
15
3
5
16
18
2
15
4
6
2
12
8
18
17
19
10
8
14
4
7
