6
10
13
19
1
16
13
14
1
6
1
12
6
9
14
6
2
17
4
15
12
7
19
12
7
16
8
5
1
2
8
13
2
15
2
15
13
14
12
8
18
9
11
12
6
13
1
11
8
4
14
11
15
4
3
19
17
1
5
20
8
1
19
14
20
10
11
4
15
12
8
2
10
16
19
5
9
11
7
15
15
20
7
3
19
15
9
19
6
8
13
15
17
2
7
8
4
6
11
13
15
12
5
16
20
2
9
15
3
5
16
9
2
9
8
8
3
2
11
18
3
19
8
14
19
5
2
19
19
20
7
11
19
19
16
20
15
16
16
1
4
3
19
7
1
15
12
19
8
6
12
16
19
20
13
8
11
9
18
20
5
20
6
1
18
19
9
8
17
14
2
3
17
19
7
18
9
16
5
12
8
8
14
13
2
5
3
1
19
8
12
5
14
16
3
2
20
7
10
14
8
14
10
17
17
18
2
5
6
4
6
15
9
13
11
19
2
2
2
9
17
12
6
1
17
9
3
5
11
7
5
11
5
7
20
14
1
1
6
13
16
12
2
12
5
11
3
4
11
16
19
17
3
12
6
20
6
5
10
20
14
13
16
11
19
4
2
9
14
6
14
8
3
1
3
12
9
3
4
8
8
17
20
18
8
4
2
17
19
14
19
1
5
5
11
19
9
20
14
14
11
19
7
12
10
16
4
3
18
3
10
14
8
18
12
19
18
7
19
17
20
9
6
7
16
11
3
11
8
17
13
5
3
2
8
16
13
19
12
5
15
17
11
10
19
15
6
4
12
4
17
20
13
19
5
3
7
12
1
10
8
3
13
8
7
19
3
12
16
6
11
10
13
4
20
14
11
17
15
13
4
17
17
17
8
12
5
16
18
11
19
13
15
10
10
10
7
10
9
17
14
15
7
10
16
13
13
14
14
17
6
20
2
6
5
19
19
3
3
15
4
1
15
7
20
10
15
5
6
17
1
18
13
4
15
13
17
1
9
10
19
6
2
4
11
5
11
8
3
10
18
15
12
7
20
2
8
8
4
10
13
9
5
17
1
8
14
13
1
13
8
15
9
6
20
20
4
4
7
3
15
19
4
8
8
20
1
4
19
6
14
12
20
9
11
7
14
9
20
2
12
17
19
14
10
2
14
19
7
11
19
11
9
8
12
4
8
19
8
13
9
7
16
7
13
3
3
19
19
9
19
12
2
20
14
16
12
19
13
3
15
3
19
10
15
7
19
3
10
10
6
8
4
19
1
19
13
4
3
7
2
1
2
20
19
20
9
3
5
8
6
2
2
17
11
8
5
18
19
20
18
7
2
7
18
7
14
13
6
16
8
15
9
2
9
9
9
14
1
8
18
10
14
5
18
5
15
20
17
3
7
20
10
3
11
18
5
14
13
15
5
3
17
4
3
6
17
9
14
3
12
9
13
3
9
10
17
5
12
17
16
17
11
7
2
14
2
3
7
6
9
13
12
3
17
7
16
15
12
2
3
8
3
16
7
11
12
2
12
3
5
20
16
18
13
16
20
18
20
12
5
4
10
2
2
7
16
14
14
10
9
13
6
18
9
2
2
5
15
4
19
12
5
2
16
15
3
13
14
6
2
8
5
15
18
17
20
7
13
5
13
16
9
5
17
10
19
2
13
16
10
5
20
15
16
12
10
7
11
8
8
20
18
14
5
2
14
3
8
15
5
3
1
3
6
12
16
11
17
7
5
12
19
12
8
10
14
6
16
17
18
20
12
7
19
10
18
8
11
17
18
18
1
2
4
17
4
8
10
19
17
19
6
16
11
9
17
3
19
17
18
16
11
11
10
9
3
18
2
5
1
15
11
15
4
9
2
9
15
2
10
7
19
17
13
5
3
2
16
14
4
5
9
6
16
8
18
12
7
15
19
4
15
7
1
7
19
5
7
16
17
2
11
1
7
7
16
10
7
6
14
12
14
4
13
5
15
8
14
2
2
10
14
7
20
17
13
18
2
18
11
17
19
1
5
11
1
3
4
17
6
4
3
14
15
11
11
17
2
8
12
16
3
11
3
10
7
2
2
3
7
20
10
20
4
11
4
11
2
18
10
18
16
10
6
12
11
6
10
5
16
10
15
11
15
15
10
9
5
14
4
20
7
14
17
7
4
2
17
11
9
8
5
10
9
1
10
8
3
1
16
14
12
8
14
17
4
15
5
6
8
1
10
1
19
9
9
10
8
18
7
16
2
7
19
5
8
7
11
9
17
13
3
20
1
18
20
2
6
12
