5
3
13
8
7
1
7
6
8
12
20
14
10
4
12
3
19
8
12
9
16
5
1
7
10
10
18
4
6
8
15
9
13
1
1
14
10
16
5
3
7
10
19
19
1
3
16
5
3
16
19
3
8
7
7
3
10
4
3
13
6
6
15
20
6
5
6
6
15
19
12
12
10
2
5
4
3
11
5
13
14
15
9
9
11
6
19
14
16
14
9
8
3
15
6
20
9
19
15
13
4
13
14
4
7
12
10
3
14
10
5
7
12
17
13
3
9
5
2
16
9
6
10
13
6
15
8
17
3
19
13
9
16
11
20
12
6
16
10
7
16
11
4
16
17
9
12
7
5
1
14
14
8
10
17
20
16
20
15
13
12
16
5
15
6
9
10
9
5
2
3
16
20
6
6
2
17
10
17
5
6
6
5
16
10
4
15
11
15
12
2
1
19
12
19
19
10
15
19
6
3
8
13
5
2
12
15
8
3
8
19
9
14
1
10
14
3
14
19
3
9
2
9
4
10
14
8
5
12
4
9
7
6
1
11
2
1
18
17
9
19
11
15
11
14
15
9
4
12
18
17
10
3
20
15
4
12
5
7
12
7
18
14
13
20
7
9
18
8
4
13
9
3
8
10
8
14
8
17
16
11
13
7
1
6
7
15
9
11
8
3
20
16
10
10
14
1
2
16
16
9
14
9
4
9
8
2
12
5
8
18
6
2
3
18
4
1
4
5
18
11
15
1
2
10
1
6
13
9
1
19
17
6
19
9
2
1
11
10
7
20
19
17
20
4
19
5
8
4
16
8
3
19
10
1
16
1
9
20
13
16
19
14
5
16
6
6
14
7
11
3
1
7
17
3
8
17
16
4
6
17
6
11
14
5
19
2
3
1
9
20
4
19
20
19
3
10
6
8
9
18
14
11
12
1
16
3
20
1
16
10
5
13
18
11
8
6
16
17
20
1
20
8
15
13
16
18
9
4
19
7
9
3
9
5
17
18
6
11
13
14
9
7
4
17
6
15
9
14
2
19
2
16
16
3
16
20
19
2
6
6
2
8
3
14
8
1
6
1
5
10
10
12
9
5
4
1
9
9
5
20
3
17
14
10
3
9
11
13
7
1
7
13
9
8
2
8
20
8
3
10
4
13
1
11
1
11
9
1
8
10
1
3
5
5
1
1
15
5
10
7
18
6
2
6
10
1
12
9
17
13
6
19
12
19
19
12
7
5
4
18
11
5
18
20
15
15
14
18
17
13
11
19
10
1
18
14
14
14
15
16
1
11
9
14
5
16
12
16
12
4
17
10
17
8
11
5
11
18
19
9
16
11
2
20
6
17
14
3
7
2
8
2
15
8
4
12
4
6
12
9
17
6
2
7
7
13
20
6
1
11
12
10
18
9
2
12
12
10
2
17
5
3
3
16
16
16
12
3
10
18
8
13
9
20
20
3
17
13
17
20
15
17
18
9
3
4
7
19
2
8
16
18
15
14
7
12
16
12
17
14
12
2
9
16
20
14
7
4
6
13
20
17
19
18
13
16
16
8
20
15
15
3
8
13
14
9
8
18
18
1
17
5
17
8
11
19
11
9
5
12
19
13
3
14
11
6
17
14
4
6
10
2
9
12
12
12
10
5
13
5
4
18
12
13
18
6
6
11
12
19
12
6
1
19
6
3
5
4
11
13
11
4
9
3
7
4
16
7
15
1
6
16
9
9
17
17
9
7
4
15
19
15
18
15
19
12
9
9
2
13
4
6
1
10
8
9
8
15
5
12
13
14
7
17
20
7
11
1
17
2
19
2
16
8
19
8
2
9
12
5
3
14
20
6
7
13
13
11
9
7
11
12
11
8
13
9
19
20
10
13
19
6
20
12
5
18
3
12
13
19
6
15
10
14
7
7
8
4
20
19
9
11
4
1
8
7
15
17
19
12
15
16
8
14
16
6
13
9
13
2
17
3
11
17
9
9
7
1
13
4
13
1
18
8
5
14
20
19
7
1
4
20
13
8
10
7
3
1
12
6
14
12
4
20
17
16
7
3
7
3
3
15
11
19
16
8
9
13
7
15
15
16
15
10
2
14
15
18
11
11
2
9
6
3
8
18
12
18
14
1
11
11
13
8
6
15
3
14
10
8
17
14
2
6
9
15
3
15
8
17
13
5
12
14
7
10
10
10
13
13
6
14
2
13
13
10
9
10
1
14
20
9
20
15
15
9
1
15
7
13
9
17
17
12
18
6
11
7
15
14
10
2
20
14
1
10
12
10
5
