1
3
11
15
7
6
5
14
14
11
20
1
17
16
15
5
3
6
13
17
15
7
5
1
4
17
2
10
7
13
13
19
9
8
20
20
12
14
9
7
12
4
14
14
1
6
19
5
2
4
12
2
8
12
19
14
9
8
2
8
16
3
14
6
4
16
4
10
2
19
10
2
6
14
11
16
3
12
1
12
6
18
7
18
13
2
1
17
16
1
9
9
6
1
17
17
12
18
5
1
6
3
3
20
17
11
18
7
19
12
5
20
5
17
19
14
19
16
18
2
4
10
1
4
13
2
9
5
14
19
8
6
5
5
20
4
5
8
19
12
6
10
14
9
3
11
18
11
14
13
3
1
14
1
14
15
16
14
6
7
9
13
5
18
3
3
7
11
13
16
7
3
12
12
18
7
8
4
16
10
2
2
16
2
1
20
7
17
17
6
8
17
19
2
3
9
12
14
11
16
13
13
18
18
12
14
4
9
14
16
9
10
7
8
19
3
8
12
18
9
3
13
17
15
12
8
1
13
19
9
11
5
5
8
4
20
10
1
3
14
11
4
3
11
2
4
3
14
10
4
18
6
12
8
20
3
16
16
8
8
2
18
12
17
5
2
2
15
20
8
4
16
18
3
20
17
17
12
1
12
13
15
18
20
8
20
4
8
1
4
7
1
13
17
8
6
5
19
4
7
10
18
17
9
16
11
13
5
7
6
20
12
10
13
20
7
10
16
13
9
14
20
4
7
20
17
10
16
2
17
19
19
17
14
10
7
3
18
14
12
9
7
1
18
13
12
18
10
7
16
19
8
9
13
1
6
11
18
4
2
13
10
3
11
1
8
14
15
8
15
15
20
17
18
1
18
10
2
20
10
20
14
2
17
2
2
13
20
11
13
9
13
2
16
16
14
4
2
12
2
20
9
17
16
14
11
14
18
2
10
1
10
6
9
7
15
5
10
7
12
19
20
16
4
1
19
3
18
20
12
6
7
18
16
7
17
18
4
12
4
17
14
11
17
4
11
17
7
19
3
5
11
16
1
6
1
6
10
20
6
16
2
11
15
11
10
16
17
19
5
14
5
9
10
11
16
6
5
18
15
13
3
15
18
18
10
20
5
3
4
3
3
4
10
16
10
19
4
8
10
10
16
18
9
11
15
10
16
2
19
19
17
20
14
5
18
11
17
12
16
9
1
12
17
19
20
11
1
16
2
5
16
1
8
13
8
4
15
10
10
14
8
9
10
9
1
5
19
2
16
7
12
3
12
16
19
19
12
14
10
17
13
11
12
12
16
9
7
10
7
19
20
17
13
6
16
11
12
10
6
15
5
19
2
6
13
5
3
15
15
20
17
13
12
14
20
10
9
11
17
6
4
11
3
6
5
18
11
20
14
2
14
7
13
11
11
13
8
13
2
18
14
4
6
11
10
20
15
9
9
11
10
3
20
1
10
3
5
19
5
13
16
16
3
4
6
20
3
20
15
6
4
7
16
12
10
9
13
17
1
10
5
12
6
20
1
10
2
3
7
18
18
6
2
5
9
10
20
12
18
20
5
9
16
7
6
10
17
3
13
5
3
5
13
11
17
10
14
10
11
9
2
7
18
17
2
3
13
9
5
16
8
4
11
18
3
2
11
10
19
14
17
20
13
8
9
16
7
7
11
11
14
3
17
6
14
18
9
16
4
15
12
12
15
7
9
9
2
10
16
10
6
16
2
13
7
16
3
11
16
13
6
5
15
19
16
20
2
9
12
7
17
15
17
16
7
12
8
5
6
13
20
7
12
6
4
15
13
1
5
10
13
15
7
16
17
13
18
16
13
20
1
1
7
17
5
3
15
2
13
16
1
1
19
14
7
7
2
3
14
7
6
3
18
4
6
8
18
15
5
20
4
3
2
4
16
15
2
17
7
18
19
18
7
8
20
6
3
9
17
10
1
12
7
15
20
12
7
2
16
20
3
13
11
16
15
4
4
4
14
8
9
19
1
6
10
8
1
19
9
10
1
4
18
19
1
18
15
18
18
13
16
17
10
17
9
11
14
14
10
17
4
10
15
7
6
20
17
9
14
9
4
16
19
13
17
4
1
6
4
11
18
7
18
4
2
12
20
10
7
17
19
15
5
10
4
8
20
2
5
2
9
16
9
1
15
11
15
7
3
17
3
18
11
3
9
12
9
15
10
11
12
18
9
9
12
14
11
17
16
9
10
12
8
20
19
3
13
14
5
6
15
15
2
16
11
12
1
4
7
18
15
5
5
2
17
17
9
19
18
