7
5
19
2
6
17
14
19
2
2
12
11
5
13
19
3
10
14
17
9
3
5
9
11
1
19
9
7
20
18
5
19
10
18
4
6
20
14
20
1
8
1
13
9
11
8
10
7
15
16
9
7
6
1
17
11
7
16
7
18
1
11
2
8
5
15
8
15
8
20
5
13
13
7
3
1
1
1
6
20
19
9
14
7
7
6
2
19
19
10
19
20
20
16
1
2
2
18
1
7
8
1
1
13
19
3
14
5
15
9
15
5
8
1
8
8
3
16
6
20
9
6
14
7
17
19
9
3
10
1
12
5
17
11
7
19
8
6
20
9
10
18
11
1
7
13
5
19
7
7
9
7
9
18
20
13
11
6
11
5
19
17
2
15
1
10
20
1
18
9
7
1
16
10
8
9
13
15
1
17
3
3
10
16
11
6
17
13
9
5
11
7
14
16
13
19
18
17
8
12
16
9
6
1
19
7
14
3
7
7
9
8
3
16
18
4
6
13
4
8
9
1
9
7
13
18
16
7
20
6
5
19
18
14
2
16
7
9
9
4
13
16
4
20
1
15
10
19
5
9
19
14
19
9
3
3
3
2
15
16
11
12
19
7
15
3
9
6
8
15
3
11
14
6
4
5
2
5
8
6
9
14
12
4
17
9
3
11
9
5
15
16
13
19
5
5
2
9
9
19
5
12
6
7
11
17
4
4
7
17
8
3
6
19
16
5
2
10
9
3
6
3
2
13
9
2
11
1
17
20
11
20
6
18
1
2
6
12
4
11
16
4
9
10
14
10
6
7
9
8
18
17
13
2
14
19
8
14
17
18
4
19
7
13
5
3
5
1
15
12
8
11
14
12
8
2
15
14
12
15
18
20
15
10
2
10
7
3
4
3
18
13
1
5
8
13
17
15
16
16
12
10
13
7
9
18
16
14
15
16
4
20
5
15
12
4
13
9
15
8
13
15
19
8
7
4
2
7
2
1
2
10
20
7
18
6
3
15
3
16
11
1
15
17
8
9
7
19
15
11
9
5
15
10
11
20
5
14
4
5
16
13
11
14
15
19
16
12
15
17
8
4
1
18
14
11
5
1
4
3
15
4
1
18
16
3
5
4
13
17
16
9
11
15
19
5
19
14
2
20
19
14
5
2
18
3
17
6
14
5
5
2
17
18
9
8
6
6
6
11
1
18
11
6
3
14
19
15
14
5
11
5
5
5
18
18
19
7
18
5
14
15
6
15
8
14
13
13
17
11
5
15
5
6
9
18
17
9
13
6
19
4
15
12
11
1
13
5
20
5
6
6
8
9
19
10
14
15
11
7
10
13
17
2
16
3
2
10
17
5
4
9
16
7
9
14
11
9
7
15
7
12
20
19
13
15
9
5
15
6
18
19
19
19
10
20
2
13
6
8
11
2
13
1
15
14
16
8
11
4
18
5
17
5
10
10
1
2
8
13
1
19
9
14
8
7
19
7
10
17
17
15
6
18
18
10
9
6
13
13
7
10
19
17
20
6
1
5
4
15
12
8
1
20
14
11
15
4
16
12
7
13
13
2
20
3
20
5
18
17
3
5
3
15
13
19
8
17
2
2
9
4
20
13
20
17
4
6
14
14
11
16
3
7
12
17
17
18
10
11
16
5
3
18
7
8
1
8
1
1
8
14
19
3
7
13
11
19
19
7
5
14
2
3
3
10
9
19
13
8
5
3
15
1
4
1
11
11
10
2
15
5
9
17
3
11
17
5
19
12
20
14
1
13
4
12
3
19
1
18
7
10
9
16
20
18
8
19
13
11
19
5
4
16
1
1
1
19
16
11
16
3
5
20
5
20
10
1
1
19
7
9
12
14
18
19
1
13
8
20
18
14
20
14
20
19
2
16
7
2
20
2
14
13
8
18
2
2
6
18
10
13
10
8
16
6
4
8
3
16
1
10
13
5
17
12
13
18
3
16
15
19
17
16
1
19
15
10
6
4
18
8
18
4
4
17
9
8
4
7
14
11
20
7
1
7
8
3
12
18
4
6
4
10
17
19
3
18
20
16
13
13
3
2
3
5
5
3
16
16
15
5
14
16
14
9
7
9
15
20
7
14
15
13
2
10
7
5
5
9
9
15
9
17
15
9
1
9
19
9
7
2
20
13
14
7
19
15
12
4
16
12
6
14
15
19
2
3
1
12
5
3
14
6
9
2
18
17
10
13
17
9
15
7
8
9
17
14
9
11
20
11
6
20
7
9
12
11
5
11
13
19
19
16
7
15
14
16
7
19
